# Created by Octave 9.4.0, Sun Mar 02 21:13:11 2025 GMT <unknown@DESKTOP-LORQQAS>
# name: pulseModel
# type: scalar struct
# ndims: 2
 1 1
# length: 2
# name: SOC
# type: matrix
# rows: 1
# columns: 10
 0 0.1111111111111111 0.22222222222222221 0.33333333333333331 0.44444444444444442 0.55555555555555558 0.66666666666666674 0.77777777777777779 0.88888888888888884 1


# name: OCV
# type: matrix
# rows: 1
# columns: 10
 3 3.1333333333333333 3.2666666666666666 3.3999999999999999 3.5333333333333332 3.666666666666667 3.8000000000000003 3.9333333333333336 4.0666666666666664 4.2000000000000002




